{
  "version": "pair_blocks_v02",
  "source": "breaks/Atlantis Amen.wav",
  "sample_rate": 44100,
  "rule": "trim active region, then split into 8 pair blocks for grid16",
  "active_region": {
    "start_sample": 0,
    "end_sample": 58847,
    "start_ms": 0.0,
    "end_ms": 1334.3990929705217,
    "duration_ms": 1334.3990929705217,
    "audio_path": "dataset/pair_blocks_v02/Atlantis_Amen/active_region.wav",
    "info": {
      "peak_env": 0.46181076765060425,
      "threshold_abs": 0.009236215353012086,
      "reason": "ok"
    }
  },
  "block_ms": 166.78004535147392,
  "duplicates": [],
  "duplicate_threshold": 0.985,
  "reconstruction": "dataset/pair_blocks_v02/Atlantis_Amen/pair_blocks_reconstruction.wav",
  "blocks": [
    {
      "pair": 0,
      "audio_path": "dataset/pair_blocks_v02/Atlantis_Amen/pair_blocks/pair_00_0ms.wav",
      "start_sample": 0,
      "end_sample": 7355,
      "start_ms": 0.0,
      "end_ms": 166.78004535147392,
      "duration_ms": 166.78004535147392,
      "rms": 0.18596072494983673
    },
    {
      "pair": 1,
      "audio_path": "dataset/pair_blocks_v02/Atlantis_Amen/pair_blocks/pair_01_166ms.wav",
      "start_sample": 7355,
      "end_sample": 14710,
      "start_ms": 166.78004535147392,
      "end_ms": 333.56009070294783,
      "duration_ms": 166.78004535147392,
      "rms": 0.1543959081172943
    },
    {
      "pair": 2,
      "audio_path": "dataset/pair_blocks_v02/Atlantis_Amen/pair_blocks/pair_02_333ms.wav",
      "start_sample": 14710,
      "end_sample": 22065,
      "start_ms": 333.56009070294783,
      "end_ms": 500.34013605442175,
      "duration_ms": 166.78004535147392,
      "rms": 0.23307567834854126
    },
    {
      "pair": 3,
      "audio_path": "dataset/pair_blocks_v02/Atlantis_Amen/pair_blocks/pair_03_500ms.wav",
      "start_sample": 22065,
      "end_sample": 29420,
      "start_ms": 500.34013605442175,
      "end_ms": 667.1201814058957,
      "duration_ms": 166.78004535147392,
      "rms": 0.10759550333023071
    },
    {
      "pair": 4,
      "audio_path": "dataset/pair_blocks_v02/Atlantis_Amen/pair_blocks/pair_04_667ms.wav",
      "start_sample": 29420,
      "end_sample": 36775,
      "start_ms": 667.1201814058957,
      "end_ms": 833.9002267573696,
      "duration_ms": 166.78004535147392,
      "rms": 0.16026070713996887
    },
    {
      "pair": 5,
      "audio_path": "dataset/pair_blocks_v02/Atlantis_Amen/pair_blocks/pair_05_833ms.wav",
      "start_sample": 36775,
      "end_sample": 44130,
      "start_ms": 833.9002267573696,
      "end_ms": 1000.6802721088435,
      "duration_ms": 166.78004535147392,
      "rms": 0.14608263969421387
    },
    {
      "pair": 6,
      "audio_path": "dataset/pair_blocks_v02/Atlantis_Amen/pair_blocks/pair_06_1000ms.wav",
      "start_sample": 44130,
      "end_sample": 51485,
      "start_ms": 1000.6802721088435,
      "end_ms": 1167.4603174603176,
      "duration_ms": 166.78004535147392,
      "rms": 0.17688830196857452
    },
    {
      "pair": 7,
      "audio_path": "dataset/pair_blocks_v02/Atlantis_Amen/pair_blocks/pair_07_1167ms.wav",
      "start_sample": 51485,
      "end_sample": 58840,
      "start_ms": 1167.4603174603176,
      "end_ms": 1334.2403628117913,
      "duration_ms": 166.78004535147392,
      "rms": 0.21034479141235352
    }
  ]
}